  -85.172074      -1.881880
  -85.366138      -2.012578
  -85.497553      -2.119568
  -85.647282      -2.405312
  -85.698453      -2.610816
  -85.749634      -2.816320
  -85.767960      -2.995078
  -85.786292      -3.173836
  -85.804630      -3.352593
  -85.838268      -3.680314
  -85.832931      -3.921705
  -85.857423      -4.160046
  -85.828418      -4.464069
  -85.719163      -4.866613
  -85.580100      -5.272199
  -85.524395      -5.609055
  -85.545908      -5.817600
  -85.481018      -6.065077
  -85.356468      -6.318643
  -85.100254      -6.465213
  -84.831707      -6.492597
  -84.381020      -6.508404
  -84.165978      -6.470080
  -84.025125      -6.273672
  -83.746561      -5.910632
  -83.569832      -5.657649
  -83.390093      -5.374863
  -83.299913      -5.082979
  -83.242033      -4.516884
  -83.175126      -3.861399
  -83.156897      -3.682629
  -83.225106      -3.464980
  -83.242244      -3.041793
  -83.360979      -2.728697
  -83.455958      -2.478217
  -83.571634      -2.135318
  -83.669626      -1.914626
  -83.800448      -1.720693
  -84.098498      -1.690345
  -84.426344      -1.656935
  -84.545558      -1.644779
  -84.694575      -1.629578
  -84.790070      -1.680043
