  -84.162182      -5.095999
  -84.304820      -5.158858
  -84.450793      -5.248141
  -84.497250      -5.403510
  -84.560310      -5.476237
  -84.673155      -5.515901
  -84.693115      -5.674568
  -84.643392      -5.922492
  -84.633471      -6.058021
  -84.696593      -6.130739
  -84.763060      -6.229896
  -84.700017      -6.372045
  -84.557224      -6.524108
  -84.477488      -6.534019
  -84.364549      -6.709194
  -84.324725      -7.036434
  -84.374716      -7.433109
  -84.414775      -7.750445
  -84.434962      -8.123968
  -84.441813      -8.391711
  -84.422055      -8.662754
  -84.375668      -8.937094
  -84.355938      -9.208132
  -84.486103      -9.380033
  -84.716226      -9.485799
  -84.896456      -9.624581
  -85.126680      -9.730249
  -85.223631      -9.852487
  -85.097084      -9.921973
  -84.937069      -9.941877
  -84.820233      -9.875807
  -84.646697      -9.789897
  -84.529899      -9.723792
  -84.223073      -9.654317
  -83.996285      -9.574878
  -83.799547      -9.518548
  -83.629496      -9.458898
  -83.536132      -9.362945
  -83.446125      -9.293429
  -83.329467      -9.227175
  -83.126187      -9.117807
  -82.966337      -8.922529
  -82.796447      -8.862725
  -82.683198      -8.822838
  -82.473498      -8.660423
  -82.400432      -8.508204
  -82.527100      -8.439076
  -82.660341      -8.422831
  -82.810315      -8.323962
  -82.783922      -8.112361
  -82.750970      -7.847857
  -82.784468      -7.682646
  -82.891232      -7.454764
  -82.937877      -7.395347
  -82.814969      -7.276124
  -82.728560      -7.232985
  -82.625753      -7.057582
  -82.506620      -6.749907
  -82.497221      -6.455690
  -82.520963      -6.211129
  -82.554509      -6.045923
  -82.664491      -5.844513
  -82.724571      -5.676049
  -82.728242      -5.487636
  -82.698828      -5.249573
  -82.755606      -5.054653
  -82.868714      -4.879669
  -83.180632      -4.787630
  -83.445989      -4.754931
  -83.741149      -4.745323
  -83.860469      -4.837979
  -84.006350      -4.927331
  -84.095875      -4.996799
