  -78.600841      -29.844402
  -78.763441      -29.871918
  -78.926105      -29.899238
  -79.094849      -29.985238
  -79.348500      -30.005030
  -79.561024      -30.067241
  -79.726244      -30.113217
  -80.043919      -30.086897
  -80.248014      -30.069583
  -80.415748      -30.134325
  -80.629063      -30.194858
  -80.942876      -30.325253
  -81.216869      -30.498325
  -81.459095      -30.594641
  -81.752407      -30.725324
  -81.947515      -30.805571
  -82.207017      -31.018072
  -82.466241      -31.051605
  -82.753994      -31.121429
  -83.061927      -31.327610
  -83.138978      -31.538008
  -83.170401      -31.753263
  -83.040630      -31.985511
  -82.798138      -32.090119
  -82.497918      -32.120600
  -82.151258      -32.154960
  -81.889058      -32.120801
  -81.537479      -31.935805
  -81.234852      -31.943931
  -80.830224      -31.881125
  -80.405274      -31.838729
  -79.950973      -31.738033
  -79.644421      -31.703409
  -79.279594      -31.553852
  -78.921712      -31.462264
  -78.539481      -31.351761
  -78.413081      -31.242115
  -78.318158      -30.971974
  -78.253891      -30.778770
  -78.235558      -30.582352
  -78.217246      -30.385948
  -78.246337      -30.205990
  -78.328155      -30.101355
  -78.366197      -30.019565
  -78.430623      -29.975403
  -78.513902      -29.890296
