  -83.169073      -9.868874
  -83.235637      -9.862128
  -83.375697      -9.914999
  -83.589261      -10.027477
  -83.666243      -10.120272
  -83.806314      -10.173124
  -84.056667      -10.315376
  -84.200232      -10.401395
  -84.424323      -10.613368
  -84.578407      -10.798916
  -84.839365      -11.040656
  -85.070621      -11.318947
  -85.438575      -11.616832
  -85.736535      -11.888293
  -86.259027      -12.371591
  -86.774608      -12.788467
  -87.139398      -13.053023
  -87.330777      -13.268231
  -87.636360      -13.605910
  -87.868327      -13.884036
  -88.056271      -14.066037
  -88.255116      -14.347552
  -88.450411      -14.595884
  -88.512771      -14.857855
  -88.494100      -14.993956
  -88.664003      -15.010069
  -88.760100      -14.966659
  -88.896737      -14.986180
  -89.040670      -15.072041
  -89.180951      -15.124728
  -89.347153      -15.107655
  -89.380108      -15.406197
  -89.457592      -15.498880
  -89.697594      -15.541311
  -89.834203      -15.560816
  -89.852591      -15.726668
  -89.878385      -15.958858
  -89.967008      -16.151042
  -90.166392      -16.130538
  -90.369452      -16.143200
  -90.432303      -16.405133
  -90.462010      -16.670481
  -90.528755      -16.965573
  -90.728093      -16.945061
  -90.964357      -16.954293
  -91.171113      -17.000110
  -91.296923      -17.222019
  -91.452248      -17.407337
  -91.766118      -17.509217
  -91.965992      -17.790603
  -92.099567      -18.078825
  -91.993282      -18.324660
  -92.078658      -18.483637
  -92.193458      -18.606028
  -92.396425      -18.618665
  -92.493304      -18.877127
  -92.776727      -18.713684
  -93.006354      -18.958458
  -93.118696      -19.349558
  -93.435081      -19.182700
  -93.549937      -19.305084
  -93.588416      -19.636694
  -94.064251      -19.688285
  -94.128328      -19.950146
  -94.409039      -20.055423
  -94.678080      -20.061225
  -94.753973      -20.422555
  -95.036642      -20.259148
  -95.005429      -20.564413
  -95.516004      -20.343930
  -95.627292      -21.003670
  -96.521923      -21.481935
  -95.998807      -21.871544
  -96.663484      -22.105051
  -96.004402      -22.475143
  -95.969448      -23.015824
  -95.806676      -23.603293
  -95.405276      -23.611151
  -95.160732      -23.804240
  -94.899822      -23.864739
  -94.655637      -23.789228
  -94.502684      -23.637162
  -94.217857      -23.230153
  -94.028736      -22.779717
  -93.664005      -22.817345
  -93.623851      -22.485820
  -93.376914      -22.108504
  -93.237653      -21.787222
  -93.160967      -21.425932
  -92.664919      -21.208578
  -92.409024      -21.033585
  -92.086750      -20.865429
  -91.826981      -20.657267
  -92.047705      -20.533845
  -92.157156      -20.321207
  -91.954071      -20.308573
  -91.665151      -20.136981
  -91.579378      -19.978021
  -91.339160      -19.935643
  -91.040194      -19.966421
  -91.017040      -19.767456
  -90.986257      -19.502164
  -90.779233      -19.456356
  -90.579864      -19.476870
  -90.535125      -19.380802
  -90.398362      -19.361313
  -90.500685      -19.082338
  -90.167263      -18.814629
  -90.228986      -18.472735
  -89.955507      -18.433744
  -89.792285      -18.182090
  -89.363169      -17.957753
  -89.215748      -18.140657
  -88.816657      -18.181622
  -88.701242      -17.757282
  -88.394361      -17.721654
  -88.368158      -17.489481
  -87.972330      -17.261645
  -87.731779      -16.917237
  -87.657760      -16.555776
  -87.554238      -16.532827
  -87.524717      -16.267463
  -87.328897      -16.019125
  -87.095943      -16.042959
  -86.778043      -15.907729
  -86.389901      -15.746105
  -86.101642      -15.574257
  -85.743171      -15.376007
  -85.410777      -15.107983
  -85.001017      -14.747182
  -84.728237      -14.405963
  -84.492489      -14.094511
  -84.116479      -13.730213
  -83.814362      -13.425471
  -83.508811      -13.087519
  -83.129708      -12.689918
  -82.736741      -12.159540
  -82.314272      -11.665649
  -82.069071      -11.254440
  -81.894129      -10.869672
  -81.842162      -10.371902
  -82.010849      -10.053080
  -82.426390      -9.843439
  -82.759272      -9.809771
  -83.025551      -9.782811
